
449019	146292	472091	342267	525915
317937	849921	417311	357991	176686
700229	778173	699292	920866	65994
632311	549520	525710	348924	108082
588931	853667	931222	191155	749173
248700	34548	290379	895324	952099
227120	346468	626688	268298	724258
243045	481548	643121	114443	627954
126785	812155	122131	472304	186985
407347	106178	114928	557401	300342
832281	484123	692797	531250	836725
787347	168295	836935	767860	862080
307266	388893	663259	344471	517244
477387	889531	927625	566875	787332
26936	271622	589379	938898	826574
811361	79308	730727	393069	136051
984756	215453	467675	30531	587376
136228	325593	824153	546046	90964
461560	991556	837154	409030	835159
361435	278083	751449	742327	965888
981939	270089	920287	477975	874010
444245	701338	545745	921321	629637
776596	650691	350151	850800	818863
128430	819639	794698	800111	365934
736771	961385	251089	372853	246239
723650	117665	266837	804777	874683
585095	933106	445049	697955	253351
889514	424008	476631	734177	194372
406268	477115	259728	630476	738738
170595	396339	647884	297307	676010
520885	177707	139014	885483	909373
879480	443469	106845	106245	644073
620154	591259	370815	951011	410914
850177	217769	707551	261180	995177
757918	571919	406419	917471	96527
967851	122592	534870	297302	375888
667450	567937	755216	866278	879166
622582	197602	192306	581515	184048
929056	639419	969459	56775	646289
560922	286741	724391	999071	206103
190507	217941	796407	591048	976253
873014	939347	366922	719634	803822
622448	901241	18113	926833	445042
749146	56428	69162	43066	801585
374335	870845	154177	860401	433498
97101	970727	818644	219018	314347
252192	576184	246619	663811	924152
151087	150309	79834	617007	464387
71851	752490	248939	841733	733803
35859	587097	191151	801082	310030
246271	768387	320805	866359	218820
762838	34645	552515	108022	129898
172145	125683	558688	611809	557488
986972	419796	556271	742791	415055
479445	613421	581886	644961	780025
547910	917833	176009	33938	527404
562049	49487	672908	977035	268041
871394	113166	337670	185198	717446
579153	526718	130999	675124	305160
718878	195286	473393	289695	125881
762000	491206	141048	226442	536430
150951	561320	672816	778629	572730
242454	624777	543823	47129	430496
741426	183527	998649	554216	776471
897174	923760	224642	165504	329272
518100	401178	439527	28045	586871
156091	612602	889909	654562	12244
455918	335693	356233	538692	87889
463427	525158	884216	585965	319273
960540	69024	704131	458522	814020
645442	515278	603587	318562	576672
329349	136929	153138	46416	298863
8524	916539	26195	333419	712015
615905	681351	959838	937677	935950
524370	266177	676775	100879	351737
91211	348610	805860	610935	2580
469293	258524	987688	426698	487743
518965	88756	22399	823277	288625
30236	478048	298369	224589	248351
804819	297547	563158	302629	993717
860458	203979	560375	925339	379695
609742	711369	763370	503237	787571
465570	61791	653111	253523	855374
756627	648741	395514	749528	597991
698332	206556	188860	179180	822716
423920	844529	247969	265930	760411
129983	371932	990672	139776	27585
670100	48921	989878	429887	974001
427485	20706	886392	847301	843482
822055	7412	913440	67646	797032
540823	308115	760856	581821	39398
125981	708866	52067	900195	554133
823743	751966	876472	975503	380023
697284	274108	598654	357955	248237
613978	969383	93343	305537	899209
861178	787586	332860	544301	207622
654211	731945	182365	69067	711900
778793	275484	716409	423537	896610
202091	175174	517030	271138	255416
784101	112305	107932	172352	408082
505965	376329	18820	927609	612803
72462	691149	859130	252630	885522
857331	901638	987087	152865	505168
28630	347292	393209	403888	755604
35985	260076	990235	622615	857403
322049	529878	460647	592422	922544
125224	914604	889019	341489	443128
636038	915985	299115	210608	19936
83607	917131	379979	71366	60734
409898	517883	383536	662443	140894
117252	539536	975059	777294	526188
330317	895360	439373	125970	818527
144945	682085	157272	807034	570394
705434	311899	995229	634842	852857
515825	784073	619901	995620	424331
174188	602308	748893	814751	264212
734838	831466	605313	208869	281611
702221	671913	210611	742753	922868
826702	820167	716301	585250	636067
178028	212319	132535	529863	838041
51791	526268	966162	244283	166190
98343	453931	59060	299479	482786
408388	255136	119383	540015	322717
341441	799955	300577	87688	311370
753102	362578	895462	906660	128517
557874	143481	135787	838428	786023
415071	91408	338962	340119	155103
422818	274218	403079	850995	599142
657778	269804	647411	636427	369541
915111	906910	63038	854577	128145
398728	563899	377868	395142	31881
532747	443511	113599	212851	808996
574329	325690	632596	712246	937798
384964	283929	137316	541048	128112
455093	973864	848055	899086	878881
425893	418063	940124	821072	537089
730956	193238	553549	368230	748987
943571	977464	309104	527587	314084
413996	774772	210315	484638	689031
463198	417561	977728	853132	922665
378320	20598	149967	867158	156000
543090	974290	594324	119625	234124
165728	964131	897872	522418	305065
446883	951532	775585	521385	295519
868277	294795	462863	396701	148411
87553	525927	505490	250936	843891
233708	563141	711514	843627	531096
142025	898541	691763	106044	492954
590269	434351	381795	532769	493437
197218	105696	428339	220027	49536
466162	215514	965409	563231	321683
193227	723444	724912	814633	982609
523206	757961	320930	108432	266871
846632	526620	594064	891570	689865
433220	182261	427228	377729	902139
718776	822405	732746	82551	386092
748734	338156	362382	341496	473755
732623	862485	706124	774864	923279
570899	603389	313270	654230	563918
15105	157388	185764	401882	834907
247871	241784	634450	738183	300226
530709	27118	142136	670407	170631
540419	405776	317139	1822	349545
440329	835542	789670	624511	19972
693175	876342	85841	13912	871150
303157	951587	119876	413790	129186
450144	251609	201575	135940	219604
873747	273524	252323	813968	419119
402123	287214	446496	646681	715286
179224	623431	371949	646959	577906
903535	272112	791846	21896	911450
949741	406600	776589	887875	405089
260045	658771	666	101113	163101
647275	130772	358809	996763	155864
615637	728361	757564	885566	359537
458216	622744	102846	63686	253529
527452	13311	467608	503862	701203
780072	186818	352930	552374	114726
983684	150286	519286	240761	839600
195758	509675	569583	988144	697586
176438	23637	26348	193352	24206
721387	342882	751805	582633	380081
499068	166934	84594	249149	951042
323670	154186	235682	886968	142012
274262	598012	980969	485160	518836
215024	928114	582900	436822	554338
426220	448594	3137	162458	631256
456051	845276	210899	940115	847202
650557	706574	17402	28724	688169
448344	296894	289985	822608	990361
595317	571738	707428	577335	624879
143631	455235	244921	527884	247998
449343	988301	386283	52187	130270
639417	167192	326219	182036	598796
405272	48289	847453	67225	93436
842770	342176	692083	160204	543538
126881	984363	585262	577790	630900
21846	64713	538691	366030	898879
390245	407597	17098	289906	87937
266048	113088	299285	883465	956802
276118	127041	14144	621052	965648
141642	126972	357027	94754	767873
112004	202672	482681	51240	278983
309358	355668	486527	307936	302480
690836	397961	962566	23128	798165
514350	442075	581304	484628	563337
433003	396618	115074	897570	636959
199840	862185	335163	149850	974768
748656	36612	223084	734813	914419
23406	783171	77356	459708	571453
259874	102985	1324	329437	147554
799121	858236	835643	251802	93993
584018	382241	184944	806568	624948
496683	739707	245671	96388	563412
358351	831959	962532	78948	659000
759491	440564	280450	373021	357898
48770	59188	339414	982551	500645
88399	941429	273387	330305	373695
985411	896211	228999	941447	784451
219868	398645	638319	816777	660667
138408	623641	854130	939640	930442
927609	723527	999837	90101	831832
207017	977852	726912	485055	773330
112938	816342	495255	98811	827359
583040	744421	482238	861746	501746
856480	284876	425567	774844	393874
721010	781240	927378	687453	216249
667618	861376	1227	319223	44034
942745	512567	960271	676916	761955
903699	929306	474411	767857	634002
720041	72167	95592	27328	158083
396964	343432	818173	258389	400374
83373	256972	624627	667248	266950
361937	114748	812745	50283	400346
796600	395496	630062	27434	394440
659961	580159	592097	573635	398793
412909	72461	329183	377519	624056
782781	990378	78737	364074	23290
906068	387439	49304	943834	640831
67821	150207	653633	395614	888709
303834	589751	621734	180029	591615
249854	770622	930304	425506	584101
164492	357727	849099	958762	415683
175481	677579	957012	694660	969151
268254	545917	273420	640901	297823
921492	228363	917559	371757	489759
900454	519339	221765	879106	199613
995312	774703	254599	308645	970750
214314	197249	631852	866722	503445
429562	601505	894252	89264	526650
360710	68367	457985	753198	895756
443472	633871	721337	805700	101014
744349	402814	877379	466862	506462
745551	596806	717660	512787	884294
169182	789145	762093	602566	679717
518389	255747	353183	60767	645040
63830	709144	321188	709572	403002
220486	992498	893589	207526	822161
718130	633713	249209	77101	271249
455986	170223	832524	469933	39722
693337	801980	789308	746217	60053
733765	29013	263553	576105	287037
966021	303127	336561	66657	306502
983416	547617	289543	398400	968313
286924	206313	974451	617133	350137
789083	381202	301322	919666	185080
957679	958581	212627	737116	85794
714424	778096	505470	721216	591852
149274	157812	653200	505637	299083
524534	634017	177863	983273	82846
763858	793318	574560	323838	455718
183636	330505	13958	690681	841551
353328	833917	413339	349074	144538
990518	79239	166266	662674	934360
63882	208665	66045	37937	524803
731801	326619	592025	617285	947707
794890	461342	699837	607042	401694
182041	293179	542181	643161	616527
29994	831990	588041	718492	395581
395276	490710	808694	351896	421417
325839	662200	790013	960146	571599
845393	814164	329332	345893	232915
489019	520253	949673	685618	452569
375753	401661	98094	780747	55591
517331	598857	848422	997149	541641
283868	36098	1758	413913	653960
646477	654057	280998	539671	375719
615771	835436	581771	488010	812974
255049	118882	981670	281514	434686
176780	107526	807605	195300	143460
228995	79078	216761	23121	39525
856623	637845	585502	560644	391362
572173	383794	719870	719710	869715
710573	292410	177099	121387	782982
211504	405765	324536	816623	682683
75242	578065	98432	743066	807107
301400	25701	691988	446901	408022
244741	160134	443586	276086	196179
264888	948058	534374	776627	286015
217620	752720	923755	61682	336790
492933	362835	853822	180176	547891
517646	890619	233210	656056	522805
396688	305235	81726	491130	827019
52742	890976	303003	765957	183313
954519	82351	265477	255265	937422
639850	667827	415154	732218	659515
886196	491339	840184	659011	356400
417477	805292	674407	791925	539518
756334	415047	453871	435790	939056
981858	314315	201428	677172	692853
198232	824803	389328	737525	652717
910150	109604	755148	517958	963432
433924	239664	687755	632592	41260
144533	593447	76122	936062	974750
879081	436634	726228	170460	437957
149058	806136	25631	935373	644093
465937	984280	531110	255669	475139
354128	775571	661465	859182	377391
961534	920890	881796	499525	428375
478857	890799	779646	734056	300422
349854	363888	758124	676121	894702
180972	151114	784033	563340	74049
321350	959129	678094	813168	668608
503808	962779	723398	187837	134037
321182	783901	287388	253785	732314
698685	285774	490692	377975	835620
481226	988777	655374	617824	303588
281062	894668	515420	687298	74672
834000	75264	988678	320014	591435
71359	396727	355542	871534	771021
105426	619925	524707	824961	182601
684802	448354	654124	146508	971011
936743	802974	995505	729338	779696
195953	255208	795602	980535	188150
798881	14088	403220	546231	272089
496693	120664	591299	727991	736381
506380	862641	800675	732109	407960
896589	243466	645884	174127	511473
488434	12692	883448	666831	176428
59861	96254	829679	561795	826252
403182	856811	121706	585448	66501
712366	229304	720816	364221	694560
357615	89422	980430	820537	909031
919656	120329	967469	852973	156767
333642	432704	786445	896652	945357
240488	734444	539629	549313	186767
7621	460942	745656	222027	513628
700606	935484	482646	812852	68129
380150	503336	598936	353908	315169
715726	628055	758814	927157	21858
741264	939595	339770	566178	498055
701359	271873	130048	496727	342215
377720	704856	186484	269752	850303
26927	531759	980714	468177	806748
878371	387478	910238	952295	987738
437094	586588	902416	72744	7220
80395	661870	649325	995511	592332
94446	713251	21458	843281	462194
171761	765216	963224	382176	165325
617563	174610	732853	712610	728741
106002	125879	225784	637663	256418
375212	337512	258121	98423	298712
835358	367653	704638	344227	812345
808633	57375	386412	875089	849429
855632	418994	582041	417619	926395
68448	688911	808302	741919	929737
340417	183121	668458	836677	873818
596025	939719	303822	392923	570269
462914	29555	707138	233605	665924
677061	72129	319794	830761	305094
664120	437278	126879	328525	638927
678661	253734	55438	556376	708135
784745	14580	230612	765729	553492
103848	745614	165351	244405	485563
156580	597752	937583	491602	238990
739871	395546	991097	892862	160697
398251	536746	247917	70285	864474
229105	214339	683439	952095	739015
56508	464703	240180	71350	638350
871460	896973	995780	243943	254371
230592	46283	920499	699603	30510
374687	172826	609680	859830	970738
879958	767310	994361	855385	895218
483869	660392	10994	649812	242564
409863	335265	966633	443788	608719
202079	452621	229364	981444	513524
99541	12408	839333	958494	173114
259548	13477	142033	218179	957006
149019	236474	856790	177340	659298
199502	225268	971886	523163	440720
393099	536445	871106	515505	206868
675321	680432	442262	94895	734657
284387	958524	92059	18086	154782
875804	374783	485713	46923	679637
791991	308820	966392	744929	398509
72189	129694	888134	291773	652815
884859	723877	287869	754529	775452
29672	2725	356888	740125	451475
465526	94136	752960	243468	206833
40183	276640	289953	334499	679575
437341	552151	135347	700669	667130
363058	15553	533565	909166	752103
221207	679047	268898	537564	967003
176257	324360	36023	574993	887220
196080	114450	218525	942252	757029
626727	152076	425497	100782	662731
170896	364445	599777	431537	549694
652516	437497	959861	941098	934851
870185	638836	197081	845281	500604
567168	426394	21527	765208	764437
215679	554484	21496	859669	104590
996903	445133	797707	675951	684497
300336	432447	995408	628952	517677
600817	680282	496636	689444	688995
39181	928999	26511	108269	149319
807083	205065	645816	591653	332076
689511	930826	589389	452113	462068
989420	855082	437801	596917	948784
80796	989882	6501	858109	389928
665580	586418	914176	518968	669179
710683	569976	528087	301993	820213
744641	108015	510787	147837	235260
777934	550138	264055	947031	992814
859306	771045	67041	518957	771689
652773	205493	490875	78292	427765
480310	242606	10176	627349	939809
2508	626915	125746	816043	441232
848001	570192	353262	847689	794118
191051	173421	717624	745495	65145
402131	338134	661972	991626	682284
233450	341626	421015	57394	763991
427749	897721	786018	127759	226847
993406	670248	117800	623406	334285
367583	923456	648982	599505	977439
789881	615540	605303	112584	873378
394951	446721	953454	29749	988134
404521	678086	392411	538260	166531
148018	16759	333613	395362	348576
297072	682520	809952	655209	892033
416217	827525	145419	512275	726686
468281	796783	947348	291364	501714
771704	799687	503792	371918	730702
496696	411389	671408	847302	142525
76103	226133	568806	441584	459899
105880	452983	35240	972960	556981
176567	815107	891491	287343	723860
34989	834726	586111	596556	21608
76282	708580	479802	494914	661059
819098	92506	297389	491875	76774
269899	697392	398282	786543	231169
779086	736831	583600	891317	393072
127550	569129	23986	278700	772698
910035	682494	363200	706865	355162
833451	660399	269984	701149	17293
396399	122654	240668	146240	923573
489561	157811	824060	491094	965586
138337	986736	654063	828928	956908
719507	698956	258644	637541	730730
882749	772015	47005	182526	735837
437512	694766	229630	687331	759339
831660	684124	324816	605033	771004
865084	510399	991601	995066	989468
634190	672444	249379	312471	366575
517075	234750	426503	262026	330381
540935	97163	687324	275803	303907
44328	821353	714217	115994	536337
980958	879507	788612	910159	500175
513409	521089	138683	764366	130742
106824	483335	20280	143158	614821
378304	309731	129747	287993	198928
759493	140352	319513	409292	440199
91035	140973	687840	303820	573076
321926	21890	677275	605641	496280
129857	750341	455855	972036	684005
439590	273000	572817	629882	913432
383611	17267	17715	846880	221966
928203	406066	579705	399279	312965
822670	153997	367014	712483	745875
958045	516961	189851	696512	175752
503771	502586	127351	688497	620796
448729	907460	123631	766120	99693
750305	234234	752875	52656	13119
209421	250887	574082	787231	748645
609328	25042	762608	405630	459023
841887	889342	746432	881673	405048
483857	130625	104547	947688	178584
304764	676928	411834	503915	606662
963814	382346	326743	434344	402820
820037	994217	875046	144711	718583
237422	177277	317511	569519	170652
20018	863204	830967	940655	291252
218059	986936	572355	436897	264241
831362	864033	30403	16538	788703
486485	460866	173221	782119	126203
517554	238853	729647	245511	154006
312749	467163	693883	517945	365254
84937	40593	133048	236346	643259
836580	925377	226066	760877	887749
300184	36061	438537	456311	434788
738892	334130	813245	782952	308135
436974	476242	495990	505836	993206
353492	546786	9532	338781	683011
531750	208613	722264	747438	639893
108091	576669	982534	863880	817216
805153	610261	920364	811752	317014
885399	313646	756884	667953	131267
180237	235799	48936	401255	614904
745796	891546	468582	461366	359495
809515	668451	154008	640659	78173
545920	410712	396390	349318	787346
41607	330460	743860	467438	720666
429936	378427	548015	84882	834050
747794	366798	595811	63924	670961
639285	167774	734480	496206	771764
930499	294121	34469	179950	176022
482642	546512	666914	572125	47016
31380	760354	257820	612608	231421
247673	707047	195925	216241	289329
63104	303822	647915	39525	427715
41745	509477	362541	162477	950931
92941	82810	184530	247006	881498
380251	531719	528863	31087	894966
993650	743717	285003	754301	32478
96417	721575	781983	267447	767113
763860	929048	95351	704673	721590
78635	589861	941000	179411	696762
931536	330352	932143	397356	573526
242619	1807	293807	851933	337811
321114	879440	361937	686130	663721
225352	474988	423103	334846	608171
824431	442483	859900	363466	340059
942148	6663	102326	449901	86772
858329	93979	663144	542327	670158
45317	678098	715811	768535	690347
859292	235827	265550	660308	319205
261863	458553	758554	486587	173773
378020	301033	366820	516844	534593
130888	265414	631755	540419	89356
67602	313474	126223	166077	206604
368289	225788	916088	264178	944768
614490	866790	65995	710660	663893
480746	42552	749507	459258	734176
83775	491611	991102	11259	216842
871952	569267	426882	510786	960074
315751	178117	283490	535514	930036
843969	251316	379350	281894	848077
812028	982856	810303	809097	777505
420676	493526	218610	758881	975907
104783	976994	595897	123436	542895
28142	111259	329370	358054	59626
620871	387608	33584	134845	622131
334013	730811	566710	409881	636299
29752	33093	263280	606403	936497
661929	988468	535745	547273	185770
872325	807608	672184	844045	83465
654136	356223	931210	161094	356246
835840	482317	989573	300141	801109
476242	412449	643820	658682	24670
714356	247848	901522	88645	992384
588667	547962	55423	207440	622987
686954	370662	324074	37897	742166
375882	111681	971557	795589	20174
959769	378550	564882	518090	708835
176297	781974	856477	335038	386088
92497	281330	982787	804345	964255
829255	333566	262052	10851	192057
161599	444378	674680	96651	784812
597524	775748	921399	602283	558423
142414	716853	324437	29243	419214
33308	349313	79377	855363	172028
116571	616262	43517	345622	886940
318942	910377	408699	11200	453077
113985	7147	519158	657964	637574
558622	826322	351972	623898	232978
791583	217517	302899	191996	937852
868011	216373	872647	935614	967673
681874	54788	683142	123410	234091
813946	677664	875821	804347	772966
588447	91238	873432	852400	718999
480484	919022	421220	430500	624778
712200	778127	108195	487029	905228
913931	290297	581518	295969	80583
264923	856384	758146	210416	94137
565095	98389	728351	9958	320551
156604	550846	826531	460942	58677
842014	76672	443687	71396	177706
789376	890765	564468	437355	634033
824309	614560	118254	696784	392996
460221	800093	691230	629208	966269
965140	416225	609726	213882	643189
56308	595937	33832	689196	148456
111221	897036	966320	941305	983758
254006	666594	235438	461560	312296
602050	793158	417388	110321	456181
726869	914879	556912	550900	338961
947727	992374	921114	424587	7208
570911	826680	891401	663545	307877
851754	694635	914732	356419	442716
90052	221796	616642	48100	160409
196774	567116	573568	217877	936838
424850	835219	934016	658972	681722
916069	765291	828907	639796	41816
229056	179773	73674	953939	679382
890658	647144	509978	94130	544160
981559	207457	761493	428086	182106
265003	67887	104539	280641	970397
79661	512870	480834	296780	434588
908594	981367	397272	190278	983112
909646	380543	234216	121945	967845
960775	867394	617125	129221	501287
620710	565199	197258	447972	367061
829713	32624	894172	625945	154418
653391	881659	830569	837162	863398
259244	566261	924034	690089	609962
677243	596268	578314	873529	375043
717043	460126	741833	462759	628021
310972	403251	823092	380075	637089
326236	893104	95250	994939	969314
663493	103474	64491	358739	296179
45150	210651	15286	458316	119911
580473	483794	639396	741399	368686
78647	97132	476430	808162	453038
676167	548343	140498	909261	606368
959631	221935	776839	413037	623350
667774	311557	807747	950856	468975
833267	875563	786816	725517	474042
725319	533703	246382	70282	154206
586570	335975	880717	38182	408454
281979	673545	177107	244007	488992
288634	7255	217419	483809	947729
57576	205881	855555	790789	682038
145228	114398	164048	507466	991812
183162	819995	857541	518155	683869
826745	772024	492655	468146	763230
291329	230190	213034	183092	299828
53022	626477	713442	15582	378517
400770	701321	989801	901052	939855
793870	71512	743934	789870	147828
579491	31904	584761	961225	949788
935051	407740	859545	898523	697707
995134	691380	350688	712262	174541
341089	570655	778258	944608	165674
938137	255467	304439	951130	611455
937842	826895	755781	70382	221481
622022	517439	582855	951442	910838
200020	578656	253323	705515	31284
367177	521795	545066	718131	889045
553724	13783	606231	615749	195950
390917	831221	362137	221982	118892
199931	339052	764460	437027	618449
782892	817236	536123	900901	975003
366339	734703	442331	674163	622706
980017	419937	529178	599712	678115
207661	747273	19967	755223	319159
690529	398938	494044	818235	495201
703196	241107	489773	333714	267011
987682	497687	221542	172216	31248
983862	673849	269516	270090	494746
312042	236917	541473	855366	106534
845931	839667	20940	858352	30766
257508	971053	635050	872162	513080
893340	307741	740683	848483	225335
869908	744191	258467	534082	879055
678453	980231	997282	631150	592373
321354	868202	142409	468365	239596
407814	177245	146838	653603	648570
393642	52109	70529	517024	478193
397223	417743	360868	226421	661924
559696	198536	486847	26584	547901
359920	397395	302942	799126	205828
246084	98986	735731	703552	171874
571220	769593	639390	870517	200706
781841	123077	99548	346406	47303
329736	20174	47730	901961	968648
519717	485174	743230	875232	156188
630027	235908	833375	120505	40672
878315	698232	545355	602260	29718
66642	587464	437619	130597	642475
84466	103101	941932	343421	462905
929310	608077	129100	39227	356097
267055	204773	797160	860174	223532
30377	752662	539424	531861	880898
177873	192600	632076	705993	48797
757016	348861	114626	39457	666496
907188	939892	693210	739421	584208
859158	929863	393955	253531	31049
715292	299600	572301	675846	86039
362799	683712	230348	123914	145809
126083	117670	441096	262793	77178
175913	426128	402957	379245	722931
836105	100979	808265	786127	7715
499607	548715	392708	329607	371559
461927	466457	448921	678459	240407
351716	771577	891671	693358	562778
306320	755481	77185	336997	996258
735468	466124	372736	21377	473356
542080	600763	325533	605660	789575
452781	964579	402023	133055	55364
237883	107388	895750	266323	62171
489872	385304	49638	19101	606126
658332	104818	407777	92158	795015
575270	695924	152598	789544	280665
262453	652360	449899	710313	488743
462352	318535	155485	399543	951073
367999	128642	512032	22927	975126
772145	54734	306679	525909	636610
22952	448489	491958	571554	317856
99167	622262	967592	305641	41725
919844	41723	189290	643384	127567
396923	489314	992400	709630	762077
448051	211391	560184	219271	92443
838726	794393	329552	765793	986471
39229	113594	794875	758818	252380
231047	536112	705051	400733	407955
39630	479064	105282	770012	614697
858923	863400	295565	7166	370596
504111	537034	626648	229325	358938
642530	443973	631028	78073	340033
257815	667743	907811	658197	779902
230582	418383	848651	412283	236940
364308	938863	167235	348422	899481
887686	269365	258507	757552	18515
634201	283615	288268	32911	708137
471587	47234	360374	575747	418091
456959	322179	805938	191419	481893
271381	754176	575491	897932	431503
410601	167117	796977	697919	801122
739820	325821	772572	928671	950581
750941	846345	578943	22921	840235
177665	841406	266145	489125	808105
213595	628377	83395	262447	709790
113543	116371	943078	808736	28938
402716	485418	176546	234204	521560
236797	303574	803014	622026	491331
232421	349524	844984	33387	586104
561958	118648	492627	843755	289430
363218	343873	46948	743200	749657
463249	501878	923909	760834	636077
306164	422189	962082	703221	290140
811295	433428	412419	436353	106781
165713	471161	655842	830257	294774
397807	243245	797823	740854	55642
436066	999321	301469	759677	502431
98609	253815	601772	720627	725081
484488	318119	670147	605671	285138
275001	723992	638318	318885	474007
715888	963502	342915	427471	748386
626350	225253	332548	41626	216943
173489	245338	680440	630899	157212
100783	66339	334006	697022	314817
761131	846374	550753	992123	886478
70006	381519	151831	588754	880494
559580	454988	521902	791691	303247
742866	492822	425370	618520	112504
281278	972056	521969	284946	153321
571469	888205	991610	887674	607160
372772	233693	464918	540078	576272
99464	190111	831130	900924	965089
720300	131190	336131	448047	422238
509579	59530	161537	777057	113854
683216	444216	724582	165873	147605
895763	8301	495463	730763	59211
740801	996239	160381	615519	483164
100533	19897	806230	951633	183288
171004	705522	361550	615787	605025
510919	962376	309950	994024	751951
737091	95584	783726	60390	644036
942258	840836	385527	637615	354048
61306	936169	762694	394688	494542
932931	98270	495759	76464	382449
916412	930805	649034	255097	231245
994409	214524	949467	268191	477546
937660	261818	326810	607324	776036
561778	48569	580331	880052	862632
879494	339193	302156	527864	879701
826754	9595	459188	861473	361882
528973	732159	15394	565287	902926
8432	404134	539556	683365	584450
934966	936885	975331	655788	847416
335308	910649	215303	493330	121063
191351	823934	66145	464486	241520
321302	928712	826937	845134	561416
658104	12284	384390	88396	816814
829895	803458	983580	675598	107846
313921	646334	346436	62717	346940
387450	400230	407510	78498	425963
610722	171380	366017	926391	422334
577340	763184	786696	811931	84056
765434	561516	946712	178714	14049
690057	944396	707630	870018	611888
575686	530665	948351	349011	419020
807820	205928	45353	796661	126298
936463	794042	38735	10190	715944
809950	701687	318532	511086	605420
758441	802575	353272	367116	936268
726955	860641	13193	446988	256134
444116	82891	376030	493965	129542
888483	122287	400323	10404	818355
129916	172345	832539	882398	247947
842341	70629	193659	547569	857473
364151	126824	252851	215506	686886
922571	961297	981633	208990	38799
81445	45815	195471	669147	572159
755385	638705	642579	155388	916108
767242	992947	870613	824852	799502
793034	270584	376480	23199	128065
177605	684776	144294	298157	437543
417825	912442	296359	339201	928980
590831	122406	516469	914035	686855
584692	290577	965081	51287	160628
708692	701689	461304	903026	101901
238008	710400	102327	689768	431434
415682	566279	251929	646037	337104
985981	848403	586935	830064	882858
170084	229598	636119	60702	43964
507315	522637	608033	322562	840395
762497	754967	269314	66382	510908
870102	721300	875844	264093	335936
844345	911785	605342	748946	969608
309151	196163	219573	228640	696714
458693	901730	267689	125977	874993
627758	283104	136286	146648	233410
268040	843987	350289	377862	873615
361508	624433	132509	44064	549632
674051	673178	806280	401248	362008
336294	662632	590044	441294	488654
648293	913757	504743	421383	407367
254708	297515	967906	475228	945983
180596	595528	901940	540698	645250
139712	52157	149781	646016	450099
315771	215998	978232	173746	451092
171418	566080	592686	968509	328834
40272	161493	664725	348623	701088
735810	259336	661318	194594	828997
568852	722820	895805	788158	656588
618251	343632	875621	488458	898234
373136	944901	632007	182194	423140
288520	545319	612957	78008	459568
590185	801987	470315	401840	695155
630768	329311	814088	705527	51867
290689	41666	550117	462034	991233
315825	975425	336010	354438	948828
425090	846456	130808	896147	395988
894869	399702	980479	540514	572832
769254	793530	918845	684033	878243
680263	252806	796179	70554	602211
571963	351057	708133	944308	610723
846522	476619	780257	227830	574843
398703	432224	861936	424702	811834
533911	339456	627211	62237	311704
656569	566406	929346	738006	3038
42856	669780	774432	16970	842788
845528	448841	340560	614133	135588
796424	616059	270377	439245	303393
996598	683817	625188	934174	556012
68060	275708	592819	630131	838556
202910	261199	873796	856114	658444
841699	955822	350181	64069	321005
38514	384056	351320	618211	914419
224575	572204	361966	701606	521694
973887	389178	988164	497176	266257
982711	93175	227828	374468	768912
579775	790128	384254	297098	228538
915024	532219	554014	928326	865015
571954	201483	815783	444829	836290
755848	477362	617287	927860	926470
573200	894623	441816	810574	583153
535251	815431	57222	738561	96459
509046	605357	712723	688680	518820
557550	513975	237773	653680	67969
234888	259230	9207	685350	212062
516161	197137	606769	736465	989484
509480	790681	1981	393308	141190
130398	759869	435157	228069	879157
948944	130373	446471	411861	305350
24811	950840	121868	633827	759689
408782	227562	496844	480654	291118
565063	766376	361477	62877	439286
421426	201979	560744	764612	56198
307824	341626	401062	388557	72672
181719	597926	489944	127889	771262
484253	616307	545338	452353	608317
692058	17936	532924	485262	394629
260644	99753	610444	310402	129971
145463	721618	876761	101505	126701
398447	25448	400640	845373	639520
993715	318377	33276	118194	715090
635468	165145	500741	177929	801778
237610	301156	481214	957116	996860
346710	170328	544642	436282	546698
600818	985928	627954	12890	817925
524432	641615	841254	742196	898211
433164	373094	567286	97624	464297
874393	540795	136020	88296	920148
379989	758713	764778	891653	899593
22727	467186	734063	914168	283855
728331	164547	507997	766777	829789
403620	79776	2825	770928	245495
350454	463133	802227	136411	889855
444961	136430	718635	803152	838340
941155	340556	755202	708295	531189
162510	841197	907286	720644	341268
884193	943909	560143	434716	563187
38277	255318	880962	902388	692603
279145	540114	497224	759913	117280
633969	119433	191197	184345	101911
172873	223762	824043	529863	599352
741739	989926	906707	280159	232264
650103	946596	700403	940709	924629
966612	73422	818371	732309	957650
652825	383493	159501	823768	165550
136109	793907	679423	338148	58151
888003	477476	327516	53781	513876
862288	911804	956214	308423	613645
736050	834350	485848	683689	618555
355723	773962	474417	895006	271613
400600	666690	742952	53106	188250
903596	367348	502449	762940	971112
953989	740638	793273	580931	581063
95963	742757	433880	616205	250703
265786	689703	392980	614638	684974
380059	95270	921888	272704	931113
851243	499342	213802	460430	596097
273376	157577	282309	469429	622031
511075	488711	713248	446283	545094
515527	858366	225103	41346	429299
496556	324395	451245	5941	950197
303649	476672	779946	210088	299286
368931	716407	411292	907805	959823
491017	471699	527854	861434	375131
798978	904934	17562	861738	401242
883709	964523	571455	424173	180037
224318	377426	60763	474036	896416
604620	371871	526309	876992	491025
471568	349066	280097	186050	744186
621289	292884	907686	690615	412098
283980	241723	276735	255196	199043
972753	39855	264912	930067	810069
264956	266584	977696	334447	122039
179272	342637	413713	477753	124348
176228	631926	663156	565608	824437
961569	481731	793822	553694	601018
607200	461729	327816	493158	911577
764254	179944	755416	172513	979430
274298	748735	791900	800738	407103
679265	165499	96758	681175	361002
721155	552173	44707	46905	707355
155815	533251	900035	371439	862607
271637	493541	626771	770252	617345
787927	875596	767582	976592	404345
839762	788526	593870	886313	112056
500191	193998	993716	358484	897130
732675	394885	321795	802328	292192
138833	509288	75697	502481	15974
303592	471460	758704	706625	971669
253393	755030	434439	27240	531594
869411	672207	772464	85196	273696
76023	52337	109731	416955	448345
203366	415318	72215	938008	581248
675929	329851	731315	369101	822499
171779	587727	420093	73948	500887
186615	514735	152661	89990	474385
806649	390862	18850	421473	404451
901390	923296	761826	931269	685402
835862	45896	995976	136020	534868
612881	146322	478372	236405	808827
133964	720855	871398	233689	403378
11849	250920	120397	601956	742490
90817	173928	299150	51628	745993
657639	726976	912412	962086	879620
230529	874538	781870	325501	831739
508829	12121	642886	757489	871822
653081	628477	8128	871876	15727
908706	377468	892019	755115	354714
525492	977523	288837	692031	908591
789463	78085	835077	166218	23665
19946	81674	278907	115227	181724
924378	670262	510979	785240	350203
213066	360659	862880	389875	55058
794357	42072	577793	755766	326044
328576	358738	799497	230975	874982
145477	860902	834682	787560	468857
165356	274688	293550	33410	971242
790660	146163	507543	525206	851280
874709	72520	350862	801131	364323
937258	375267	802038	866552	329867
873071	497912	58539	153679	663070
371009	71551	797047	316751	822865
544693	976178	631144	704401	863409
16336	591225	166217	231509	909484
638824	815552	761385	280326	531793
1529	646403	13468	107690	494483
671085	23227	218957	964317	89935
899549	517395	562800	368816	489898
192133	26697	468496	341152	223361
616250	402064	93464	214642	605253
504554	370268	55636	24918	766514
858353	753576	597223	50317	279033
392156	120240	750398	736825	506437
886443	621438	860884	533922	103800
775000	867776	322419	919215	488774
544836	806746	479180	211629	475254
743122	845553	678459	582172	168707
773963	431603	70369	514851	40727
200970	280063	291876	821405	572529
721273	533671	13094	376269	254670
984525	820742	925829	644488	104536
661621	162736	597730	801793	261072
977442	731806	542164	817978	980391
237768	424154	684240	243915	561172
659360	935721	191748	128779	932040
787553	674369	360074	663768	578129
995173	390004	384170	791703	438028
166118	49777	241840	103609	920541
392803	292011	644749	695375	393705
437821	324937	526816	551552	487936
836275	785613	269619	35944	554567
786392	344687	930493	402662	380568
789007	20315	969905	157710	836633
559785	270423	326698	785896	792205
968170	176613	621112	918304	756176
262981	467993	865083	825991	433424
844215	126423	751572	707472	386692
828350	123195	401989	430821	292894
892410	591809	95587	554929	619859
543504	684072	850581	539074	815396
960242	702889	413486	242242	811344
133509	296100	63958	243670	399557
243091	890761	962047	197713	606936
814834	681131	763329	35595	359644
367112	79856	159647	980737	16962
814482	596680	466471	284302	884749
724494	569958	731493	173376	485061
282448	792003	625880	541507	621288
336916	82055	665094	265597	847084
140209	977100	828312	371991	703657
186136	697286	837472	233844	175634
326938	70261	260685	145711	704355
930026	957267	59844	707388	303179
794275	538295	296515	901996	404856
612180	273513	165865	215545	998205
778199	62400	998429	164487	593271
559260	142717	801327	248327	692089
26360	997817	870541	180363	956183
682687	568176	691132	951646	421960
390577	864112	139205	212725	614070
47514	353730	81672	960774	86436
835266	670807	464447	386098	81784
302315	248002	583145	732682	500108
884374	91935	873164	200245	825653
768927	390262	135303	686846	207399
658881	340921	883497	163311	891000
6862	153234	426107	23180	731746
123752	265953	127612	327070	404392
543779	254337	396073	544981	819019
692489	265390	194256	867873	935508
776825	280263	165780	341068	975932
881017	524274	861181	996042	694028
271249	137807	210741	778189	652353
707251	747967	701171	300118	536695
336657	679017	706520	394593	176063
456303	290317	940551	411439	978715
585638	951095	439507	128963	833498
697659	381963	630171	621911	168373
115455	943131	393280	250426	437184
656437	151402	623997	475399	339827
816492	646609	662863	817194	139286
151741	418256	15884	63303	670320
996359	900305	416172	656768	627280
828286	130354	895279	543144	492931
785708	645179	928337	557620	322336
821072	644991	315230	50602	104680
485890	367180	702616	254239	684084
316885	197169	866473	751507	801601
882543	541813	435338	584736	470932
38691	618374	716113	340918	615517
42400	64336	906325	626440	628634
24523	366632	332681	62447	387073
609475	807754	676830	81426	330871
98109	807296	862670	815340	764130
707021	210391	368912	605407	172010
707412	70622	65161	964642	129769
368690	372682	428520	804477	560882
372176	400979	601465	192067	536300
541198	702842	360969	715751	280338
747371	310504	223364	978535	548313
633533	287781	413499	137618	656055
720802	334379	127254	444360	33432
575930	137716	665281	763256	650043
571292	767152	147255	306153	132099
318016	956711	844568	225703	788725
290069	740185	776807	357879	626736
348313	562837	651925	36069	670944
414601	272402	39916	841464	867051
251053	435710	959675	883037	323995
717472	539212	178567	637969	958872
629881	35633	869510	780676	32342
602996	854677	328459	414004	922396
177019	331472	342699	909952	720000
378893	82931	946770	549139	822399
402649	29798	276420	454212	838773
74487	428919	742213	190876	893914
468290	971683	968592	827462	147488
22908	716911	665058	759530	497682
865160	859246	946994	907824	729395
716160	741384	841771	959367	209265
143580	499009	218172	231088	328034
269682	258281	230266	264358	597732
36186	245324	706290	640377	941403
29038	407713	791005	441552	39609
34731	856446	900801	772224	587844
199443	141982	259822	925796	55112
35901	294202	120872	562296	638639
294771	343959	134057	463225	427211
787709	657758	643993	367409	981656
71910	261481	241297	151594	334391
477831	268251	154369	346397	670928
887751	773719	450200	257881	642399
22910	892571	220851	295481	545295
115776	595262	427001	614224	50485
551292	510595	610539	355344	251418
474424	865275	736615	199188	974283
517603	662143	503927	616271	56657
193365	898834	306356	949193	175308
81567	229010	226194	361618	699754
953014	513623	75933	432762	636816
920431	719067	97512	825607	78689
583936	330648	733764	407564	982438
305228	247909	83052	640973	725750
881087	829636	992415	367554	948414
65723	904934	685145	293576	898242
439055	743749	109388	60954	561305
368801	981163	60643	149415	788847
246725	772730	558135	279606	762599
917696	957260	869106	497393	940277
662188	799117	65170	430593	525451
524026	467844	571396	923170	869096
339240	182571	209378	865935	976456
645954	21664	202784	85642	954895
922965	731393	719052	789395	942913
310608	975241	182531	102586	488483
461885	706235	585621	986012	914732
10850	957203	626425	686652	317120
45404	266593	972421	981429	401666
597652	293506	859140	103436	366489
89985	497410	194281	982991	450405
260648	578275	905314	441404	273264
654489	385978	594749	854244	158689
906858	844964	197315	698332	559298
604653	793430	116780	417593	296791
234482	388215	806678	853846	386336
520551	697578	492470	341894	650883
991804	956949	860090	947575	634874
230914	294182	339591	295420	313158
301126	292007	607534	282692	152900
536430	885437	804190	169114	146813
90882	269544	213210	42330	797409
652047	473042	453033	798145	864669
954779	425866	931995	753096	639536
714344	476603	11405	714479	503486
393962	284021	988606	330228	370676
28021	724369	658633	111667	228939
558711	16153	690446	11440	419297
270178	231991	537366	408601	171544
875534	528174	463966	111131	554874
930340	325767	505693	358955	899546
243685	952058	307944	172177	47334
205824	845172	861382	937550	267303
607294	192899	631538	41089	572627
789659	977306	237961	676173	152500
530755	944014	378890	409359	942068
184996	541666	107318	472207	977282
28123	462377	713663	899791	316876
195041	859559	437934	207485	346527
123276	859445	15618	621306	667557
162685	505281	514804	188359	918487
165953	391482	408703	857559	256879
971158	386963	751301	904889	131483
292888	71903	981042	188520	644884
942823	664765	523771	204343	681940
995357	56459	992345	160927	614081
447436	198199	618462	822535	295829
715568	932190	641269	297391	470349
136420	81944	248317	895419	584426
714560	31511	793881	59609	232363
12342	518191	347189	460889	94795
415679	976989	645951	741684	790225
171070	342712	491169	36804	891238
950152	59381	603357	876610	111841
46908	295630	385020	380761	798857
802860	239670	777685	517493	407269
556624	799297	754976	654451	952755
874218	157027	790486	583476	335458
529415	683352	441498	830559	402001
802588	179710	684496	663948	639721
307	106733	46266	253451	711260
929781	89318	527495	5721	809433
535610	244229	312225	610054	573578
302785	327891	87181	575801	378891
770935	652238	141669	675034	521821
694859	881529	997770	606215	232664
544329	108729	558504	723788	274476
762391	392531	194152	918875	972221
108855	179442	950727	577991	154395
791522	288360	162556	120207	33243
312416	749818	420286	184573	160506
189492	951338	206258	40444	125040
976776	556252	588017	560963	493760
188555	440377	474771	399698	41691
110753	46502	313308	130505	461653
245047	716443	116368	813680	456907
918041	676527	150690	209832	779603
840182	166162	177981	818887	11011
13816	636314	755405	451725	176910
999496	245836	760965	627921	881967
919184	629601	674751	628876	598177
404410	128237	622083	662989	682801
886604	570310	932615	985756	507138
457518	334537	466564	169733	926463
880550	587494	974935	357037	300964
634000	845871	199774	537690	442211
480460	411004	363515	709269	929599
678708	206632	71588	337807	986170
964601	131339	707817	607398	551746
583975	186026	936129	830039	29650
863342	685014	148878	38828	608810
619263	750063	431243	132204	846203
414972	963865	633219	619905	899400
559907	624964	203705	470271	227518
82986	688620	97723	769053	860841
80695	394833	863244	709605	10360
566612	232745	896605	862833	79223
186167	934767	783490	203861	546702
123188	68146	682329	704553	180544
340487	516925	721719	122039	580610
307013	540823	268943	160664	496700
460876	160655	724114	267621	3307
177472	271232	265372	527660	712405
403094	261083	174162	569793	750920
342487	349180	45751	754969	989341
437216	549655	791275	624916	516870
780908	893202	685846	826470	678290
227977	633496	659942	749769	119392
943117	53476	922649	854373	346200
409725	240785	941007	546026	262541
978322	432542	123546	121779	707326
396259	616172	204997	133439	152538
215473	470817	308381	532434	948364
117437	690354	863276	628811	517794
995557	608846	96707	697073	998994
310746	275400	414946	532872	27938
541502	568313	549701	414952	270422
169514	926215	900943	944331	320159
141796	65084	703665	50346	310391
857448	640221	233030	772582	564758
348979	673951	302007	318205	737681
770052	628230	151351	394447	424358
534047	745854	583176	206047	621400
936354	94818	322250	778110	187880
113795	798321	490097	297511	478179
726669	80153	998408	27170	791476
252427	16241	137664	866363	890065
82215	451688	621295	979720	498597
614540	374625	752146	398686	411889
477025	139498	757049	491534	24497
358079	511163	303798	57215	918023
764689	514284	437458	534929	620276
523288	1204	447695	834961	18844
244821	412520	217998	564444	292189
731931	296647	441200	945299	694371
470828	208514	518935	664040	612860
643897	386756	223108	413662	323960
714231	73590	470599	900147	988632
210923	987546	292424	999944	830904
54942	818901	138156	600947	525408
644996	947141	202425	827040	831089
600819	74694	839061	239235	751619
826456	804023	685232	213311	776352
963756	702756	211231	977196	35805
461887	367934	402615	888672	278795
508050	92314	287483	376411	426676
175713	364090	542834	700623	623533
95760	674186	337821	724956	539310
316591	451161	568873	780819	290215
775677	458059	701881	824830	84320
263139	631254	362186	382449	465049
657347	311195	299550	185713	632067
222137	87777	62640	366226	599284
417881	542318	681011	73591	922779
526930	393683	591194	987193	276688
148103	118580	255040	369241	552453
534892	666039	925803	617711	110748
874669	674515	208533	946119	138952
385171	565544	153835	599653	286726
351417	481013	880027	22942	453721
202908	56448	205943	285328	130578
127721	662177	812284	557102	273771
247398	941464	882553	608245	998966
849707	717810	105050	116358	323593
589452	608370	31950	914410	17600
792060	101773	943429	203494	711819
189337	947202	47849	65754	905401
892822	91924	69602	154454	794220
207461	559139	413961	825091	435778
646463	70740	522904	526313	583985
874819	196156	156992	394560	101022
242553	937303	313914	284880	762388
807879	384564	437158	475672	554894
686792	999966	287275	614051	419253
711544	856497	15467	755293	375214
411157	456379	315529	73271	711448
429947	980322	409635	477887	314196
279353	625968	651821	166118	882200
618630	677649	231398	956980	987398
777186	833191	232393	990946	439674
443823	509321	708194	591798	230121
984430	975999	761943	221474	911902
593060	723949	68051	515090	711199
449022	727289	309115	482763	284164
50530	439530	778958	496269	350438
883096	960167	314857	662781	853842
229983	21202	96912	32653	659549
976974	349506	721464	462548	521022
165332	847456	200865	53498	709020
491093	180727	927989	961844	508980
820132	922258	215577	74725	206736
717813	291178	822184	11470	83802
99437	280545	490562	226159	28639
578646	522771	278186	489423	921964
654731	768154	96017	672342	677607
644541	19455	706429	96763	20842
1093	918369	76519	997774	544583
441467	360109	39060	526026	380189
608950	418291	689601	633855	24660
703232	459150	333437	599111	564800
621447	937434	506249	59042	834391
198207	866672	494699	229226	335765
483082	235131	415499	40492	200938
588209	651334	840038	283153	695274
413496	842700	566882	232506	651168
871208	371467	121054	130006	51350
848360	874889	935368	967199	423289
625165	350810	646213	749993	360553
945566	581112	890631	606924	390404
767567	646307	6774	532792	787272
930429	195169	470899	349279	447017
31579	71547	897062	835423	506827
401355	735221	924446	163846	956882
396321	71959	303545	487687	161136
901767	816095	291232	194197	150427
238526	334332	814654	396474	241659
508851	210562	225079	80633	775173
78422	268321	631460	310788	159909
576070	900365	448830	452474	624971
792961	308359	159829	82490	776835
872731	617015	933796	653672	185767
690837	21826	907080	981478	549469
312509	73386	582099	575920	28727
494975	731326	948967	467224	923133
553164	110238	447733	299123	205330
933463	104188	990846	677180	103598
944860	174193	692663	830876	863358
19800	630761	687634	664023	326701
552399	507564	879453	928459	613844
117356	134761	648752	193817	52173
2990	786434	822993	948025	708917
269055	408107	771542	82892	543803
720121	564120	707764	193344	477622
278131	616480	505828	926509	502486
821376	892691	299616	842070	213652
554483	384046	361788	320773	705213
894212	482005	479207	917094	563282
496382	254061	573186	848269	11541
215927	924985	550731	31065	141865
273129	104753	890894	116072	618540
146794	319759	908720	482702	359150
670462	980576	573375	845126	889628
83435	109231	952500	475869	489897
570822	157726	599538	702276	993298
153130	644078	823720	341609	998233
961152	644312	402286	346196	697517
560955	447551	832229	853468	408779
142420	597130	266968	94687	480556
894991	384634	723671	710166	246876
713578	167533	984976	914798	651645
563520	494903	594801	737535	119251
227027	591797	57240	657681	177115
140347	804750	153388	140039	947535
126927	940659	199771	791410	157085
725157	337308	848563	885096	580235
58633	936516	203334	152467	822955
920269	481237	441149	118244	344075
829434	14508	299355	242301	459371
655893	324436	909178	69441	782556
693483	435052	469057	659761	219705
341853	895043	564374	344982	29698
896632	179012	492362	756888	73831
30857	775049	6977	713708	926494
803318	368823	285487	120660	464157
149107	818769	620393	347612	550490
804658	828480	191093	248127	493260
365718	886853	979720	511986	552213
569769	619737	662798	421157	819060
271267	229570	212193	933541	109588
223607	394454	552442	893799	74079
432367	282903	682210	157649	287262
87976	694252	75676	782146	661469
945852	366726	69490	938556	367220
208712	326761	5084	282887	478842
553778	818512	823045	670708	189222
404812	129647	428912	980079	928259
346911	906592	511772	792474	748417
664336	823594	416870	261779	239650
425468	428562	288962	852290	913138
174939	225666	185328	729226	938760
861645	323066	661620	194030	531981
552151	866437	991124	362836	208456
152722	289717	758175	974865	852004
769626	596285	795494	488261	35210
81212	84400	173359	579551	200189
125759	817391	665939	628378	752020
381042	695865	728124	335855	59449
103921	619842	208324	822429	645228
156638	97893	200936	806329	321965
659492	860133	229960	20520	616452
594435	976589	102549	997054	846032
831476	53585	218308	352028	903526
23918	913101	37250	676556	541303
166383	462188	14700	102182	3516
162271	460070	66148	72531	947558
313408	801225	215270	583229	864316
18020	247273	351649	84722	632719
382086	731315	97752	265645	545943
881611	373032	340273	818410	883223
325455	848267	733277	21554	85551
408243	197322	980836	901944	19512
696629	591689	616785	421044	954810
241102	502511	311532	506442	431511
590463	984652	431216	284085	344193
631725	90491	693889	846809	365384
957753	449163	611870	752119	64582
28635	323108	773105	628445	27724
971590	715316	963648	501345	650037
375803	664331	452809	369498	983003
600666	864028	530307	874526	50858
151939	590704	988536	513254	157165
933965	900476	450902	857354	523000
30574	211804	8287	983393	955636
650573	54831	236151	980438	920575
827278	540505	145353	299505	60773
769018	544722	89840	908534	343454
750291	124137	955419	457748	559370
285296	879862	706966	21373	242249
207601	559709	367402	677564	890290
117664	748790	576951	906705	732759
962775	931413	22009	508324	712875
774986	960224	715786	187911	930937
307304	982711	196040	321688	47565
375250	395869	702067	272219	638668
170095	91201	61642	779623	599395
383587	774146	270914	19281	911451
172866	553077	229669	804474	935580
675908	978564	37249	264412	915537
378194	696471	118648	922025	133759
999967	442235	775501	998813	795683
81790	94082	162573	122945	149632
868036	956616	259706	604396	889481
909182	432760	909330	141205	49121
976711	233833	629264	575588	86116
276736	382082	606157	697504	543662
68960	122734	589926	492823	912426
744828	817237	447431	452729	24513
920729	237931	768205	926765	701221
647219	716516	909804	83178	985526
771794	240652	401282	851129	291043
995520	513984	281343	55964	615320
181884	703091	743701	735729	362257
209462	67563	961706	317317	462697
552715	679655	626368	894509	552738
363522	265284	214886	779816	634503
321228	22778	171228	115709	447161
311159	716591	811469	159542	221615
155507	405237	726523	146220	81936
682682	956156	50423	497260	971174
755834	295423	419096	643647	67943
260447	537738	80093	763420	565599
659355	664375	212796	318726	691064
424053	975264	342351	560335	807287
765721	782814	946313	126162	860272
921914	218318	30723	258201	786648
190726	74581	527043	665856	22386
955757	649022	669896	246260	111299
220456	923056	512888	473619	568665
505336	172236	161882	438858	211078
112502	291775	59174	716102	122470
74238	202040	461431	989172	482409
443175	695319	955966	924043	836568
630556	626311	134105	406049	763663
722551	594499	50130	467941	192162
509044	357647	311982	462406	15380
806587	501799	359518	7393	45490
945	276940	333766	4008	916733
257498	864752	839934	988978	251949
860477	411849	258311	601590	950408
530320	883329	922504	99160	559209
462802	100992	904058	656560	849240
142679	992784	363464	119242	636463
569106	761434	849718	438813	164449
786708	173650	106133	535839	994331
373686	538172	621915	987502	458739
224026	850349	679606	575677	119677
57842	972347	908424	705550	86000
621888	26910	128014	330125	558227
882975	609065	104266	902927	209908
94900	581497	826168	577422	762446
372111	7905	917498	718537	65764
414032	673735	724428	33873	76692
237373	292789	12222	70043	338366
710528	1797	785467	476168	666532
274836	714075	451037	296198	588137
111357	609719	628811	71826	722297
955112	382371	16766	875384	56231
273093	137713	297709	504114	491403
571602	791192	103527	655907	181416
932408	260284	610419	951995	657919
10085	845075	799078	292812	449520
698919	157576	917006	586044	753110
760315	568408	882205	864527	167878
585127	422359	214430	979756	252287
42817	111724	333095	898548	334582
527142	943601	199111	693222	201692
510115	718229	126654	140580	87716
147094	435340	648498	620236	603460
299493	382716	671779	121169	510504
319240	414310	71372	629821	282676
529163	989257	354152	679152	765159
311196	804006	264805	871916	475361
889605	484702	457074	110571	367116
827043	369924	93848	680807	379289
666067	628594	242523	409730	602435
702862	471134	650185	17419	336997
339217	778784	429712	163218	547733
873511	312817	527918	554014	446844
130319	995942	813305	283352	669185
141140	87932	566558	22726	557362
692550	682642	32068	371695	315030
269220	743440	488918	898060	998670
449058	575223	579354	862715	828678
257331	635872	912773	389800	658513
804471	44818	342036	163612	993874
765498	192812	379440	443288	607133
9243	360158	692553	722230	977766
466666	535184	332157	155249	88488
65840	929499	755012	789709	178085
50016	721523	933413	800774	596699
562372	166594	456273	657679	236994
594153	623182	144660	63759	890594
87354	588934	512776	895863	286620
250196	358412	526438	439971	613676
206500	577508	308605	221410	452974
91923	99442	375248	871948	342431
117983	956202	861096	844975	193050
383370	724184	621697	250148	585400
265771	747109	125198	922309	850965
474017	868882	379633	13071	527067
144463	511065	667236	322552	593681
901673	450860	705798	167160	22847
809487	605972	208177	257189	434886
93804	994789	249524	463956	34291
668198	910971	634157	837605	838153
957238	358347	766108	799599	273726
138931	28605	115907	757829	617139
808740	243459	332922	865802	891907
590897	292878	240151	173156	434633
416532	349068	786116	804701	414918
439340	513341	165911	343872	306391
514521	10393	386237	716550	395579
259254	146289	726288	757034	491245
805685	975487	785051	669524	454090
881735	557325	873266	987640	287374
594798	853362	715641	878206	397424
759644	263187	914971	297730	317778
669807	678930	224955	891253	913652
789421	941556	660970	598286	2412
561705	98791	668119	282568	406114
310837	462189	627610	869696	363808
246895	277585	487560	368087	554869
821428	289319	297014	895972	324691
832422	760102	209081	374742	150482
320433	271893	780686	536782	950701
424415	83916	440956	742896	488754
546040	573009	876782	66251	119598
74139	501477	986938	194180	508701
358895	433252	967903	359463	531460
977665	355229	540987	653852	458034
702548	630833	220072	66031	356178
596878	393261	932200	820084	744997
894045	66131	186138	796837	1457
183298	797111	87750	635060	635048
572304	968608	990647	463634	925522
488009	768797	505672	889712	799532
752703	313327	651723	659636	499978
251279	553689	929985	911231	916548
473012	962587	888165	245732	721760
356181	6575	855501	544746	956481
343331	344850	915562	738640	276016
893304	271011	944973	887586	340297
459256	462177	749903	303489	954834
42887	746806	779752	957082	284940
643930	866960	172660	734390	35545
412444	973183	473941	162034	263864
89304	987960	858671	601069	998103
121675	692623	523593	305939	495930
400794	706706	967364	391454	746416
338136	830230	983418	998853	170922
872648	213211	897299	850888	346460
15084	737896	399549	299370	51987
28804	835206	879551	789601	280331
55581	394440	850886	692785	530818
829403	64580	206289	257691	326644
422202	637365	762419	211916	763157
902338	164955	91808	276476	191742
898167	864438	178118	967121	390367
687704	880750	711230	418017	865392
584710	607833	23562	249787	160486
868376	431040	639356	152748	258479
676406	458823	899116	646850	862219
92029	38843	869760	421901	412456
32599	260084	221923	760404	812924
564373	711831	237392	108669	406331
325367	119570	687476	269703	388440
270835	558429	426118	285404	679106
966477	393948	49086	199285	572371
640419	30326	460908	441485	431936
268394	575112	465804	74143	341955
825273	582234	359679	218373	719050
972155	712201	188211	399740	169866
720103	965142	499363	682824	279564
108711	464736	227062	718899	278004
741380	832567	393875	420566	686501
280657	448170	331414	503152	494170
632854	302778	281815	162403	135273
68228	841816	678515	318032	218073
185020	191776	643969	427698	628069
63086	513340	666257	719110	230864
625433	10897	511143	705268	648606
604309	12664	197450	665712	835467
733243	620484	652499	28010	198863
214551	629759	308641	124581	279405
378198	640510	255417	573466	552226
933117	480312	620456	265755	539408
713604	700465	322520	211415	169187
223327	913701	208361	851869	252460
666421	550108	38649	195633	527813
613820	195581	361012	252110	340830
244381	946468	269206	731033	874449
703777	520508	122122	562536	365572
367011	278829	518619	536021	506361
208243	943134	55419	860519	807082
494951	724027	692515	180155	590944
535178	581264	285151	604182	167306
765628	273870	117687	225983	652370
571095	2084	674475	877118	707488
818474	93148	529712	334155	475702
936094	301351	115500	446680	596964
91463	685352	32290	678974	69657
365293	75906	746236	68697	516459
198416	839316	964659	257413	198935
895594	845812	784014	105143	51503
336875	386780	553121	380780	285284
336984	77965	381299	122981	370452
77991	159481	930456	66732	175166
654578	852081	842803	330553	637249
593259	561293	612884	23455	16651
160252	211441	488306	894860	447505
314330	542578	742568	330910	110214
617025	449913	670946	691370	728819
894599	700956	363621	995924	239448
412141	13391	350597	962876	392401
828769	558399	255131	919783	671971
987569	726662	354967	172625	881828
14688	884025	914503	292961	694122
334778	912343	383170	497974	252157
212110	344561	858650	211183	841104
192219	654068	735718	134160	777778
455838	148807	201097	605118	281063
571387	784723	393380	737845	863567
325687	982332	651944	440787	553990
168240	783570	377142	220723	655605
654837	485349	846628	519977	853055
173357	986324	649722	606416	592754
743681	33896	310262	596966	604791
259850	585381	225832	57620	338554
80171	766615	946479	73282	449196
731504	349644	944974	353940	205024
600650	60098	500297	272950	728866
604729	931776	43260	694290	309393
167199	976727	888835	540364	590484
638233	717280	750811	587970	654819
850723	873358	504271	52259	224567
631028	998047	580308	845992	473234
589399	94020	315898	525225	473576
632548	106503	346409	205240	390223
249258	128144	945378	903424	577722
765305	701021	217539	286397	94925
222264	785241	175929	774933	11537
505214	13972	861124	404989	865697
838023	188613	308775	250499	627186
765936	516673	4389	475698	852464
933273	66053	241999	19755	7816
518287	767897	596177	130134	448915
641961	214910	518897	907004	302137
519299	850014	197468	750481	461711
500850	415779	782186	97116	444391
444084	821012	948911	653932	762160
286681	702308	196057	438714	41653
390101	839529	385016	461474	342627
149608	351746	736843	42265	478666
570750	82550	190650	839165	326225
324421	633638	882410	583855	726305
788059	209793	784721	186815	188040
162915	491680	536667	704061	255902
227480	871972	147966	894846	549778
781697	663852	813182	56726	801678
381023	916033	619091	643877	867883
979592	980002	734278	685370	562111
699673	572928	497016	302958	30257
485105	754687	705396	614064	47338
888406	6710	3514	338613	814501
682224	528965	549944	311864	643512
416288	876808	823029	486194	261076
355628	151629	329830	205130	918982
715058	803457	373430	997957	854999
177171	305579	845044	525921	552790
186730	985087	460298	822953	328354
667220	813052	257252	943969	522316
348788	220172	43465	910673	560695
858143	245758	238151	684172	202943
808423	314297	35540	728170	397767
427159	31790	362475	503687	84732
936345	954609	115331	979492	939763
262726	35152	550215	767194	920490
120037	925920	965907	495999	124894
595938	823047	905369	663338	40397
160038	263043	247932	775456	203812
46010	974016	884717	798674	234565
882512	391318	734444	436510	871724
368085	986068	506695	479788	803455
825381	684529	95036	808656	755754
834283	653190	258656	243522	594844
998280	49995	455591	295049	41217
473168	377670	919695	925295	627542
9166	280957	318062	703267	501011
525147	194789	986459	241370	136303
287044	208729	153242	345665	601886
375262	654560	202155	187468	109445
103028	950221	294868	722960	406204
934711	754941	953220	121317	326784
630667	578312	538821	470465	583683
943967	608306	22704	406286	122830
512809	496101	72094	188367	293182
846200	738869	262555	137910	830688
33261	23288	749109	616755	674965
941334	436895	99443	992941	3578
330237	649630	600970	512416	126181
94978	131535	648335	130960	824044
870563	498734	643352	40970	550042
753584	713876	823180	992712	854790
398097	160269	86913	135632	645343
599927	223449	142514	488138	34064
341136	256809	433135	453946	985575
9583	720441	903570	152137	653883
705428	380878	874968	964357	127018
457537	821119	691878	913736	686250
642214	483881	62213	390808	170563
197533	701775	420605	560439	48125
554315	510080	254176	586542	135759
494377	531813	653342	809810	313382
371292	684167	965021	728914	453299
441936	628624	320693	796004	752490
485986	481869	121426	710627	523650
921917	909291	886530	580764	789769
345533	433285	652167	579791	762726
748259	483753	795001	405100	357547
549529	582025	858186	871914	965714
220764	766619	70215	74895	984075
317151	980808	513284	193024	486032
638977	201347	463766	689778	183514
185338	752317	841277	384949	442557
475326	667640	570271	932592	524501
416284	142849	390255	45831	443849
424622	660349	230642	558608	337829
788224	595100	590554	425984	58069
639316	787903	874222	501526	467125
815700	261548	417700	338021	468835
219114	156250	37789	602647	527941
167797	71799	353131	149696	647522
387162	728971	104506	597237	861643
878633	244302	494018	511157	728507
411048	495041	164148	835387	562047
235367	958550	505789	375372	96390
420040	835192	421000	471425	98544
997831	530681	685287	643490	7976
102068	624938	325533	695987	676736
596235	657401	303747	75511	689758
788989	220953	321769	802407	800701
525525	363945	513397	67528	609345
883650	550361	875791	552885	324507
557603	476985	244383	617092	707491
71195	145571	142638	306294	564630
189783	133612	663964	801806	393199
646282	813090	593651	819087	910012
254951	832754	351110	973675	40479
223465	787823	960008	949108	340019
422823	973750	304915	767354	665228
676596	102457	666683	358569	471503
69620	595213	331731	774456	508589
581253	842429	757297	414816	863753
807913	917059	162222	123391	627228
639128	540173	918653	248814	429620
282900	605168	203862	234339	574772
177152	178597	160567	184194	8251
103728	213198	260028	558705	557922
257158	380735	469388	758253	770050
699724	431604	751665	789540	607220
207989	965103	186016	87064	564911
973166	316108	364647	663276	890180
936606	18658	284457	661886	622747
429702	167240	695151	599142	614267
564875	671228	231401	704505	548272
801861	206496	421235	853642	874702
845511	572881	14748	320097	539798
289976	646207	155167	664463	290289
200312	250163	946344	960156	31842
739414	35297	600760	777556	844564
527876	105172	147823	471157	881189
375056	264571	885752	754704	413696
258339	693047	958631	989204	980612
774267	447265	892566	566369	190255
856014	981228	422271	118510	912361
189796	370147	728278	31395	999379
7439	811312	108868	179795	639846
859534	405130	704189	487433	161748
616297	479862	385599	206002	526424
188983	543603	690545	563318	245523
915498	124088	765121	114388	397575
627261	415600	572115	957362	207725
822812	765170	70491	213617	896384
573423	640159	832409	451250	433697
905380	76941	446696	822696	825678
474713	908126	160430	994825	842194
338349	783645	13793	191079	43540
641567	895913	865268	350038	174929
365248	968833	46816	316012	340785
612541	327465	361944	589998	592552
107091	79400	69706	348192	158594
541917	321158	679751	910129	599067
298443	600857	386560	420003	214582
394493	181325	645232	266639	200793
893080	500402	300362	692332	874104
715291	273037	335641	717497	815615
972990	387963	866171	98211	45254
153391	793920	425165	916192	750201
186943	436344	127990	49272	451656
222291	583332	946228	73350	739465
926742	210311	983663	715858	515621
417298	206218	874361	208320	411324
598996	265824	44179	833490	319835
993626	676996	388903	801060	510443
63392	812590	277319	971998	759221
83307	515283	583073	894626	934738
186377	614730	280161	112246	2794
2673	243129	680522	699775	363194
352270	463201	331387	654897	242146
86919	115100	734321	875939	3801
427590	451907	28791	824039	406267
962104	706952	385713	951331	100782
716190	733834	516699	859528	230730
549506	247270	574932	102392	37471
377684	508604	320286	621328	638679
137093	998140	984137	643852	635739
346576	126127	714507	325293	885801
449486	147366	998546	314216	256464
733318	413796	633357	521832	924507
990186	874654	348818	137493	767981
387166	22564	904714	806879	776108
356247	631679	889815	190233	378222
254537	356175	440441	847159	184917
52107	450473	992328	822957	321140
266957	47871	867440	389462	787971
78222	793372	85311	395146	883472
807570	108566	255582	13218	219826
963321	114626	793237	213486	653061
556935	127541	902628	970790	56894
733504	370831	804572	245472	939165
224459	410972	593521	422160	952866
114640	788334	30241	504432	108620
603818	574596	691484	938114	26624
930671	584292	851835	440686	594591
936307	884756	91519	321343	149355
30088	862442	667664	174969	479238
744303	420338	668048	601291	805656
686971	443438	171433	38810	563377
913138	960673	434291	992136	496027
965735	289992	407150	93295	88659
254151	292199	965435	99102	87855
319693	775581	797794	699188	880259
437438	246879	680392	832417	155913
89582	499402	708272	714066	715565
985537	176407	507011	590072	732792
995471	519712	304251	70080	872015
255733	574259	663196	847022	508361
737709	639379	730568	88185	92155
241017	656658	660859	748017	76697
597514	646180	937225	907360	955841
6927	198715	703325	364091	347804
426929	611158	793060	409173	8731
599489	979786	601416	200287	300657
528139	77110	446723	836951	669564
762302	645784	818832	813080	487038
519541	130663	139589	82847	18639
611937	507047	553129	11043	102472
634562	514863	693970	755602	407828
248098	709466	660660	324860	601896
571683	454102	200126	455771	816025
989173	888889	421094	203419	345581
794985	50514	420106	753337	811122
951607	214558	70918	886855	934695
854162	824737	975881	461130	4047
976437	698476	197651	817333	111534
979102	218879	110558	457828	776033
531777	571112	608515	79323	75685
593201	264213	850067	359351	787901
496022	175780	39005	94105	876947
558536	57897	946277	867902	50891
666928	98303	660111	397803	528812
516545	818700	388377	89635	731535
772230	410406	548287	648075	40162
667276	137531	312744	440172	912515
733258	464419	914579	261850	285377
228686	349499	439715	368404	468574
516115	805965	871473	118025	191585
287397	857877	765423	232372	455243
751490	260678	579212	963276	325307
917857	764738	224503	607686	966823
979152	69696	642284	944750	743512
82701	121837	139509	501995	761566
129104	198633	785598	617934	890645
225333	83903	616595	5125	872954
918646	573323	874326	26764	31956
354935	294031	788783	723879	423909
552115	752430	455034	508009	477283
178702	859282	462650	172998	617749
279538	163056	543498	846289	259930
517145	405787	119997	865765	724652
693075	680529	939717	892031	728664
423814	880759	966548	899766	780516
545121	652200	825815	278457	555420
26144	120945	565193	662974	697988
972691	217936	630831	790304	924295
989346	772106	952066	418815	725201
986679	301108	11418	7827	984918
997842	262258	504874	641447	429639
542287	385159	466988	654765	526679
492544	450531	614613	743851	308112
506278	585408	191467	812993	402564
557787	958648	922024	241615	667602
315471	425819	685932	106049	612017
907563	35822	869481	735245	260438
20913	463384	896166	346280	183969
164088	977515	853142	905220	738885
947250	850613	908664	986998	567205
222710	484136	828404	960874	557299
177343	400410	899290	562627	400626
883918	812024	534172	475951	835301
116619	443999	70923	919995	37092
945290	1773	169853	94452	482552
220093	413806	215979	672013	875936
464861	448387	479918	223182	932694
188784	345435	521937	832709	410574
23201	670540	436140	194328	784094
216398	101856	238154	122629	639379
237830	675577	276463	174320	757260
130848	231408	943567	847688	952426
348358	684499	857676	224394	755791
981912	885510	803490	152286	976873
663954	723451	932011	959455	895407
399884	558697	557705	904472	151775
153198	264294	741841	186019	44921
903408	787720	188920	632467	246422
862938	930823	975373	130136	596435
792877	376955	235990	412129	840535
82579	445915	524855	847502	564439
615730	794029	850959	117802	317029
749542	437444	293400	778735	517696
403791	202305	749812	711000	64324
742948	765625	774732	936437	194276
746073	87889	871333	237674	227898
132246	599660	244248	709553	788856
285563	61645	12013	473145	41500
